1.266
1.285
1.304
1.318
1.336
1.355
1.367
1.451
1.401
1.408
1.432
1.437
1.455
1.468
1.493
1.500
1.538
1.541
1.580
1.577
1.591
1.645
1.623
1.626
1.657
1.696
1.723
1.701
1.719
1.731
1.730
1.748
1.763
1.778
1.811
1.814
1.843
1.833
1.854
1.886
1.887
1.898
1.917
1.930
1.972
1.988
1.992
1.992
2.036
2.028
2.046
2.065
2.077
2.091
2.124
2.147
2.150
2.143
2.274
2.181
2.233
2.261
2.315
2.367
2.255
2.275
2.340
2.331
2.318
2.383
2.405
2.422
2.436
2.454
2.482
2.441
2.497
2.476
2.635
2.520
2.670
2.556
2.531
2.562
2.592
2.630
2.664
2.779
2.698
2.721
2.843
3.377
2.761
2.769
2.903
2.796
2.764
2.784
2.811
2.813
